    Temperature  Humidity
0           2.5        68
1          -1.0        72
2           3.0        65
3           6.0        60
4           1.0        62
5           2.3        74
6           2.5        69
7           3.0        71
8           4.0        61
9           1.2        68
10          1.9        72
11          3.5        65
12          2.6        60
13          3.8        69
    Temperature  Humidity
0           2.5        68
1          -1.0        72
2           3.0        65
3           6.0        60
4           1.0        62
5           2.3        74
6           2.5        69
7           3.0        71
8           4.0        61
9           1.2        68
10          1.9        72
11          3.5        65
12          2.6        60
13          3.8        69
    Temperature  Humidity
0           2.5        68
1          -1.0        72
2           3.0        65
3           6.0        60
4           1.0        62
5           2.3        74
6           2.5        69
7           3.0        71
8           4.0        61
9           1.2        68
10          1.9        72
11          3.5        65
12          2.6        60
13          3.8        69
    Temperature  Humidity
0           2.5        68
1          -1.0        72
2           3.0        65
3           6.0        60
4           1.0        62
5           2.3        74
6           2.5        69
7           3.0        71
8           4.0        61
9           1.2        68
10          1.9        72
11          3.5        65
12          2.6        60
13          3.8        69
